% Output: q -> 1x4 vector of joint angles

function q = M0()
    q = [-1.4929   -3.0622         0   -3.0801]
%       0.5464   -1.0272         0   -1.2786
%          0   -0.7854         0   -0.7854
%          0   -3.0000         0   -3.0000
%    -1.4929   -3.0622         0   -3.0801
end